$ANSIBLE_VAULT;1.1;AES256
62653434306365373931386232373237666432303664313037323236636231303835666138376438
3933346439626138633162613032303861633137626535360a376438633734333934333934313233
64376432326237336635306232663339653565366436343261653464366161623832383562643933
3537373032366666350a656437356638646231666333333636393065306362303866326666396263
34663231306131636139356439366562336266646332383135653364303235626130393831616234
32643534336637343865346438666466653638316238373462323465613533623132373863303636
39306162633033633037313339663732316561393466353139313236623430623339393462333735
62613637636631633062363638333738356332613565366462363363646266386138663033326636
38356230613333633437346439666136613262333238366463306133313363633962373162383538
31393563376261663134316131636631386162316166383166653662643531643965366131633036
66316533666239313633373166653862303465316431646337613837386432616464366334376464
30633736616533356334636638353861376534323761663965313133356263363635356337333162
31653863656433663165666165376463643039303931326130663339333761346233616662643963
65613731636266626461333233386436323565363832346266363135373565323332653835386134
38363038303132386466343065316534633531623439333265653532336330613431646163613738
30616263656363656361343766613963333735306161666636313034653062326434303761376532
61313563353066656661663563373561396336653265336435306335363230303434306431653739
30343462323136303764656163363364303861303166323030333263633930643538623337333838
39363961613664636438613062363536376262353261303033393861313639386366333033373732
34623038383834343639643632323533626366613165663336336663326433363232616562393733
36616662633333386532663830333039303530653630306138313733346130643730376466343765
30363832636661653433373365633534363435303462613530643864393161346466303261636234
61353739616561633533653066363064653966323939313439396562636534633463623066613161
65333263373661376432
