$ANSIBLE_VAULT;1.1;AES256
38383734333830636230643737366264366430383035633065633931323130306333383636336262
3235313932663561636236613336386539323133373733640a626230363033326537646233323632
33363262656534663163363331353831653563373261363964353737333366663764393264636663
6635316434336637380a636537643238346430326233653334663330653461343632386261396161
66646336323231393938336137373065326532313564363834333161633533636533623237306437
35646637393662323561393065353932613135363132636366343532616237626166326361663061
36643965656237373939363665376161653961623862666461356334643132383830313939633162
35396435653037656362353562373635656237623039616231656565626265326261353865626231
31643633363562316564346231383933653863616536636237353032303638656464643437333036
31303039363333666664393965353561343136383035613565353931346134393565373562333532
37316566663537663237626639306264373261313463343663396336333839653165633162393231
33633838303162343764646537346163326563373939326564396433326663376430373662366432
62373233303830653631353962666331376563643566366236356133636334343033633331623936
35333737373764656163386466663861323134386132363334626238373037313164373933373833
61646464656139306465653766373038306439643162396462353461306637383535363761626563
64343164336164303233343538366530633338643862613131666439336232363732313738653066
36353538343536636538346663383062643330663863656265316164336235636637613032383536
64653439643036653364333236366630393535326161656639386365303866633935336231346633
37363864616333663833663835343238613263663061393832346135626338373864333632356266
31343837653531316238383066643866353065323235313061383731363966323932366163633738
33613461373764303539663034363236653339336437333234346431366330373732393239613734
32353962336361346633356131613563363861383837623462646166636638396131666661663063
63333834333534303730363831346161636532303131373130363633623638316236326137633430
65386661626637633838
